# neff_j
2.51189e+09 8.06213e-01
2.81838e+09 7.24456e-01
3.16228e+09 6.51041e-01
3.54813e+09 5.85117e-01
3.98107e+09 5.25928e-01
4.46684e+09 4.72752e-01
5.01187e+09 4.24992e-01
5.62341e+09 3.82093e-01
6.30957e+09 3.43542e-01
7.07946e+09 3.08908e-01
7.94328e+09 2.77784e-01
8.91251e+09 2.49809e-01
1.00000e+10 2.24671e-01
1.12202e+10 2.02068e-01
1.25893e+10 1.81749e-01
1.41254e+10 1.63484e-01
1.58489e+10 1.47056e-01
1.77828e+10 1.32285e-01
1.99526e+10 1.19003e-01
2.23872e+10 1.07055e-01
2.51189e+10 9.63096e-02
2.81838e+10 8.66433e-02
3.16228e+10 7.79472e-02
3.54813e+10 7.01258e-02
3.98107e+10 6.30870e-02
4.46684e+10 5.67544e-02
5.01187e+10 5.10576e-02
5.62341e+10 4.59300e-02
6.30957e+10 4.13168e-02
7.07946e+10 3.71656e-02
7.94328e+10 3.34294e-02
8.91251e+10 3.00678e-02
1.00000e+11 2.70421e-02
1.12202e+11 2.43190e-02
1.25893e+11 2.18688e-02
1.41254e+11 1.96630e-02
1.58489e+11 1.76780e-02
1.77828e+11 1.58919e-02
1.99526e+11 1.42839e-02
2.23872e+11 1.28371e-02
2.51189e+11 1.15349e-02
2.81838e+11 1.03630e-02
3.16228e+11 9.30854e-03
3.54813e+11 8.35943e-03
3.98107e+11 7.50542e-03
4.46684e+11 6.73716e-03
5.01187e+11 6.04571e-03
5.62341e+11 5.42375e-03
6.30957e+11 4.86430e-03
7.07946e+11 4.36097e-03
7.94328e+11 3.90841e-03
8.91251e+11 3.50137e-03
1.00000e+12 3.13538e-03
1.12202e+12 2.80646e-03
1.25893e+12 2.51071e-03
1.41254e+12 2.24499e-03
1.58489e+12 2.00630e-03
1.77828e+12 1.79184e-03
1.99526e+12 1.59931e-03
2.23872e+12 1.42648e-03
2.51189e+12 1.27137e-03
2.81838e+12 1.13227e-03
3.16228e+12 1.00751e-03
3.54813e+12 8.95687e-04
3.98107e+12 7.95540e-04
4.46684e+12 7.05834e-04
5.01187e+12 6.25572e-04
5.62341e+12 5.53802e-04
6.30957e+12 4.89640e-04
7.07946e+12 4.32356e-04
7.94328e+12 3.81231e-04
8.91251e+12 3.35643e-04
1.00000e+13 2.95049e-04
1.12202e+13 2.58911e-04
1.25893e+13 2.26791e-04
1.41254e+13 1.98282e-04
1.58489e+13 1.72991e-04
1.77828e+13 1.50602e-04
1.99526e+13 1.30808e-04
2.23872e+13 1.13331e-04
2.51189e+13 9.79366e-05
2.81838e+13 8.43930e-05
3.16228e+13 7.25051e-05
3.54813e+13 6.20981e-05
3.98107e+13 5.30008e-05
4.46684e+13 4.50747e-05
5.01187e+13 3.81885e-05
5.62341e+13 3.22196e-05
6.30957e+13 2.70668e-05
7.07946e+13 2.26320e-05
7.94328e+13 1.88292e-05
8.91251e+13 1.55839e-05
1.00000e+14 1.28238e-05
1.12202e+14 1.04889e-05
1.25893e+14 8.52451e-06
1.41254e+14 6.87928e-06
1.58489e+14 5.51091e-06
1.77828e+14 4.38006e-06
1.99526e+14 3.45142e-06
2.23872e+14 2.69534e-06
2.51189e+14 2.08431e-06
2.81838e+14 1.59492e-06
3.16228e+14 1.20701e-06
3.54813e+14 9.02297e-07
3.98107e+14 6.65827e-07
4.46684e+14 4.84606e-07
5.01187e+14 3.47362e-07
5.62341e+14 2.45024e-07
6.30957e+14 1.69860e-07
7.07946e+14 1.15539e-07
7.94328e+14 7.70377e-08
8.91251e+14 5.02458e-08
1.00000e+15 3.20046e-08
1.12202e+15 1.98832e-08
1.25893e+15 1.20133e-08
1.41254e+15 7.04855e-09
1.58489e+15 4.00967e-09
1.77828e+15 2.20572e-09
1.99526e+15 1.17375e-09
2.23872e+15 6.05064e-10
2.51189e+15 3.04285e-10
