#           M     M*dndm_      dndm_j     f(sig)_  lnsigma_j    neff_j       ngtm_   sigma_j
  1.00000e+08         nan         nan         nan  -1.667975 -2.497678         nan  5.301423
  1.12202e+08         nan         nan         nan  -1.658321 -2.496114         nan  5.250485
  1.25893e+08         nan         nan         nan  -1.648634 -2.494184         nan  5.199874
  1.41254e+08         nan         nan         nan  -1.638908 -2.492042         nan  5.149542
  1.58489e+08         nan         nan         nan  -1.629146 -2.490423         nan  5.099516
  1.77828e+08         nan         nan         nan  -1.619347 -2.488223         nan  5.049793
  1.99526e+08         nan         nan         nan  -1.609506 -2.486105         nan  5.000339
  2.23872e+08         nan         nan         nan  -1.599629 -2.484275         nan  4.951194
  2.51189e+08         nan         nan         nan  -1.589710 -2.481853         nan  4.902327
  2.81838e+08         nan         nan         nan  -1.579747 -2.479823         nan  4.853726
  3.16228e+08         nan         nan         nan  -1.569746 -2.477654         nan  4.805427
  3.54813e+08         nan         nan         nan  -1.559698 -2.475072         nan  4.757385
  3.98107e+08         nan         nan         nan  -1.549606 -2.473051         nan  4.709612
  4.46684e+08         nan         nan         nan  -1.539471 -2.470523         nan  4.662124
  5.01187e+08         nan         nan         nan  -1.529285 -2.467883         nan  4.614878
  5.62341e+08         nan         nan         nan  -1.519055 -2.465714         nan  4.567907
  6.30957e+08         nan         nan         nan  -1.508777 -2.462898         nan  4.521197
  7.07946e+08         nan         nan         nan  -1.498444 -2.460284         nan  4.474721
  7.94328e+08         nan         nan         nan  -1.488066 -2.457802         nan  4.428521
  8.91251e+08         nan         nan         nan  -1.477633 -2.454737         nan  4.382558
  1.00000e+09         nan         nan         nan  -1.467144 -2.452174         nan  4.336831
  1.12202e+09         nan         nan         nan  -1.456606 -2.449278         nan  4.291369
  1.25893e+09         nan         nan         nan  -1.446007 -2.446055         nan  4.246126
  1.41254e+09         nan         nan         nan  -1.435352 -2.443404         nan  4.201125
  1.58489e+09         nan         nan         nan  -1.424642 -2.440129         nan  4.156369
  1.77828e+09         nan         nan         nan  -1.413866 -2.436846         nan  4.111822
  1.99526e+09         nan         nan         nan  -1.403034 -2.433941         nan  4.067521
  2.23872e+09         nan         nan         nan  -1.392138 -2.430344         nan  4.023443
  2.51189e+09 7.48458e-01 2.97967e-10 2.62738e-01  -1.381174 -2.427085 8.06213e-01  3.979573
  2.81838e+09 6.71799e-01 2.38363e-10 2.63080e-01  -1.370151 -2.423768 7.24456e-01  3.935945
  3.16228e+09 6.03549e-01 1.90859e-10 2.63426e-01  -1.359057 -2.419904 6.51041e-01  3.892521
  3.54813e+09 5.41670e-01 1.52663e-10 2.63778e-01  -1.347894 -2.416632 5.85117e-01  3.849309
  3.98107e+09 4.86555e-01 1.22217e-10 2.64134e-01  -1.336665 -2.412842 5.25928e-01  3.806327
  4.46684e+09 4.37202e-01 9.78773e-11 2.64494e-01  -1.325359 -2.408830 4.72752e-01  3.763536
  5.01187e+09 3.92475e-01 7.83092e-11 2.64860e-01  -1.313983 -2.405375 4.24992e-01  3.720965
  5.62341e+09 3.52746e-01 6.27282e-11 2.65230e-01  -1.302534 -2.401194 3.82093e-01  3.678606
  6.30957e+09 3.16963e-01 5.02352e-11 2.65605e-01  -1.291004 -2.397137 3.43542e-01  3.636434
  7.07946e+09 2.84687e-01 4.02131e-11 2.65984e-01  -1.279401 -2.393322 3.08908e-01  3.594485
  7.94328e+09 2.55988e-01 3.22270e-11 2.66368e-01  -1.267717 -2.388800 2.77784e-01  3.552731
  8.91251e+09 2.29989e-01 2.58052e-11 2.66757e-01  -1.255948 -2.384769 2.49809e-01  3.511167
  1.00000e+10 2.06715e-01 2.06715e-11 2.67149e-01  -1.244104 -2.380467 2.24671e-01  3.469823
  1.12202e+10 1.85929e-01 1.65709e-11 2.67547e-01  -1.232170 -2.375699 2.02068e-01  3.428661
  1.25893e+10 1.67050e-01 1.32693e-11 2.67948e-01  -1.220151 -2.371590 1.81749e-01  3.387698
  1.41254e+10 1.50243e-01 1.06364e-11 2.68353e-01  -1.208048 -2.366809 1.63484e-01  3.346945
  1.58489e+10 1.35141e-01 8.52682e-12 2.68762e-01  -1.195850 -2.361935 1.47056e-01  3.306368
  1.77828e+10 1.21454e-01 6.82984e-12 2.69175e-01  -1.183566 -2.357575 1.32285e-01  3.266001
  1.99526e+10 1.09284e-01 5.47719e-12 2.69591e-01  -1.171191 -2.352413 1.19003e-01  3.225831
  2.23872e+10 9.82828e-02 4.39013e-12 2.70010e-01  -1.158716 -2.347556 1.07055e-01  3.185840
  2.51189e+10 8.83751e-02 3.51828e-12 2.70432e-01  -1.146153 -2.342769 9.63096e-02  3.146066
  2.81838e+10 7.95452e-02 2.82237e-12 2.70856e-01  -1.133489 -2.337294 8.66433e-02  3.106477
  3.16228e+10 7.15216e-02 2.26171e-12 2.71283e-01  -1.120725 -2.332485 7.79472e-02  3.067078
  3.54813e+10 6.43513e-02 1.81367e-12 2.71711e-01  -1.107868 -2.327185 7.01258e-02  3.027895
  3.98107e+10 5.79252e-02 1.45501e-12 2.72141e-01  -1.094903 -2.321546 6.30870e-02  2.988892
  4.46684e+10 5.20826e-02 1.16598e-12 2.72571e-01  -1.081838 -2.316624 5.67544e-02  2.950095
  5.01187e+10 4.68817e-02 9.35414e-13 2.73001e-01  -1.068671 -2.310894 5.10576e-02  2.911507
  5.62341e+10 4.21928e-02 7.50306e-13 2.73430e-01  -1.055392 -2.305235 4.59300e-02  2.873102
  6.30957e+10 3.79467e-02 6.01415e-13 2.73859e-01  -1.042013 -2.300007 4.13168e-02  2.834917
  7.07946e+10 3.41670e-02 4.82621e-13 2.74285e-01  -1.028523 -2.293926 3.71656e-02  2.796932
  7.94328e+10 3.07384e-02 3.86974e-13 2.74709e-01  -1.014919 -2.288369 3.34294e-02  2.759141
  8.91251e+10 2.76577e-02 3.10324e-13 2.75129e-01  -1.001212 -2.282658 3.00678e-02  2.721577
  1.00000e+11 2.49054e-02 2.49054e-13 2.75544e-01  -0.987386 -2.276316 2.70421e-02  2.684209
  1.12202e+11 2.23997e-02 1.99637e-13 2.75954e-01  -0.973446 -2.270791 2.43190e-02  2.647050
  1.25893e+11 2.01641e-02 1.60169e-13 2.76356e-01  -0.959395 -2.264547 2.18688e-02  2.610117
  1.41254e+11 1.81545e-02 1.28524e-13 2.76751e-01  -0.945220 -2.258104 1.96630e-02  2.573380
  1.58489e+11 1.63275e-02 1.03020e-13 2.77135e-01  -0.930931 -2.252392 1.76780e-02  2.536870
  1.77828e+11 1.47017e-02 8.26735e-14 2.77508e-01  -0.916523 -2.245714 1.58919e-02  2.500580
  1.99526e+11 1.32312e-02 6.63133e-14 2.77869e-01  -0.901985 -2.239312 1.42839e-02  2.464491
  2.23872e+11 1.19025e-02 5.31663e-14 2.78215e-01  -0.887332 -2.233165 1.28371e-02  2.428643
  2.51189e+11 1.07184e-02 4.26707e-14 2.78545e-01  -0.872551 -2.226107 1.15349e-02  2.393008
  2.81838e+11 9.64113e-03 3.42080e-14 2.78855e-01  -0.857639 -2.219819 1.03630e-02  2.357587
  3.16228e+11 8.67604e-03 2.74361e-14 2.79145e-01  -0.842606 -2.213067 9.30854e-03  2.322411
  3.54813e+11 7.81168e-03 2.20163e-14 2.79412e-01  -0.827435 -2.205770 8.35943e-03  2.287445
  3.98107e+11 7.02391e-03 1.76433e-14 2.79652e-01  -0.812134 -2.199417 7.50542e-03  2.252711
  4.46684e+11 6.32213e-03 1.41535e-14 2.79864e-01  -0.796704 -2.192090 6.73716e-03  2.218217
  5.01187e+11 5.68957e-03 1.13522e-14 2.80044e-01  -0.781129 -2.184732 6.04571e-03  2.183937
  5.62341e+11 5.11498e-03 9.09587e-15 2.80188e-01  -0.765424 -2.178058 5.42375e-03  2.149905
  6.30957e+11 4.60376e-03 7.29647e-15 2.80294e-01  -0.749578 -2.170253 4.86430e-03  2.116107
  7.07946e+11 4.13990e-03 5.84777e-15 2.80356e-01  -0.733584 -2.162999 4.36097e-03  2.082531
  7.94328e+11 3.72193e-03 4.68563e-15 2.80372e-01  -0.717456 -2.155735 3.90841e-03  2.049214
  8.91251e+11 3.34899e-03 3.75763e-15 2.80337e-01  -0.701178 -2.147530 3.50137e-03  2.016126
  1.00000e+12 3.00889e-03 3.00889e-15 2.80246e-01  -0.684750 -2.140366 3.13538e-03  1.983275
  1.12202e+12 2.70514e-03 2.41096e-15 2.80094e-01  -0.668180 -2.132373 2.80646e-03  1.950685
  1.25893e+12 2.43240e-03 1.93213e-15 2.79875e-01  -0.651451 -2.123973 2.51071e-03  1.918321
  1.41254e+12 2.18379e-03 1.54600e-15 2.79584e-01  -0.634571 -2.116627 2.24499e-03  1.886214
  1.58489e+12 1.96268e-03 1.23836e-15 2.79215e-01  -0.617540 -2.108018 2.00630e-03  1.854361
  1.77828e+12 1.76283e-03 9.91310e-16 2.78761e-01  -0.600341 -2.099623 1.79184e-03  1.822741
  1.99526e+12 1.58171e-03 7.92733e-16 2.78215e-01  -0.582992 -2.091775 1.59931e-03  1.791391
  2.23872e+12 1.42060e-03 6.34560e-16 2.77569e-01  -0.565478 -2.082623 1.42648e-03  1.760289
  2.51189e+12 1.27399e-03 5.07187e-16 2.76816e-01  -0.547793 -2.074401 1.27137e-03  1.729432
  2.81838e+12 1.14244e-03 4.05353e-16 2.75948e-01  -0.529952 -2.065773 1.13227e-03  1.698852
  3.16228e+12 1.02490e-03 3.24103e-16 2.74955e-01  -0.511934 -2.056230 1.00751e-03  1.668515
  3.54813e+12 9.17615e-04 2.58619e-16 2.73829e-01  -0.493745 -2.048022 8.95687e-04  1.638441
  3.98107e+12 8.22127e-04 2.06509e-16 2.72561e-01  -0.475390 -2.038562 7.95540e-04  1.608641
  4.46684e+12 7.36230e-04 1.64821e-16 2.71139e-01  -0.456847 -2.028890 7.05834e-04  1.579087
  5.01187e+12 6.58062e-04 1.31301e-16 2.69553e-01  -0.438133 -2.020355 6.25572e-04  1.549811
  5.62341e+12 5.88708e-04 1.04689e-16 2.67793e-01  -0.419240 -2.010203 5.53802e-04  1.520805
  6.30957e+12 5.25893e-04 8.33485e-17 2.65847e-01  -0.400152 -2.000662 4.89640e-04  1.492051
  7.07946e+12 4.69238e-04 6.62817e-17 2.63704e-01  -0.380891 -1.991392 4.32356e-04  1.463588
  7.94328e+12 4.18898e-04 5.27362e-17 2.61352e-01  -0.361435 -1.980636 3.81231e-04  1.435388
  8.91251e+12 3.73041e-04 4.18559e-17 2.58777e-01  -0.341782 -1.971329 3.35643e-04  1.407454
  1.00000e+13 3.32154e-04 3.32154e-17 2.55971e-01  -0.321949 -1.961048 2.95049e-04  1.379814
  1.12202e+13 2.95622e-04 2.63474e-17 2.52917e-01  -0.301905 -1.949962 2.58911e-04  1.352433
  1.25893e+13 2.62354e-04 2.08395e-17 2.49606e-01  -0.281667 -1.940555 2.26791e-04  1.325337
  1.41254e+13 2.32907e-04 1.64886e-17 2.46026e-01  -0.261233 -1.929348 1.98282e-04  1.298530
  1.58489e+13 2.06436e-04 1.30253e-17 2.42162e-01  -0.240579 -1.918252 1.72991e-04  1.271986
  1.77828e+13 1.82496e-04 1.02625e-17 2.38009e-01  -0.219731 -1.908290 1.50602e-04  1.245741
  1.99526e+13 1.61360e-04 8.08714e-18 2.33552e-01  -0.198669 -1.896284 1.30808e-04  1.219778
  2.23872e+13 1.42249e-04 6.35404e-18 2.28781e-01  -0.177382 -1.885513 1.13331e-04  1.194087
  2.51189e+13 1.25185e-04 4.98369e-18 2.23696e-01  -0.155896 -1.874514 9.79366e-05  1.168705
  2.81838e+13 1.10092e-04 3.90623e-18 2.18281e-01  -0.134178 -1.861881 8.43930e-05  1.143597
  3.16228e+13 9.64199e-05 3.04906e-18 2.12536e-01  -0.112236 -1.851370 7.25051e-05  1.118777
  3.54813e+13 8.43694e-05 2.37785e-18 2.06463e-01  -0.090082 -1.839117 6.20981e-05  1.094264
  3.98107e+13 7.36657e-05 1.85040e-18 2.00054e-01  -0.067681 -1.826280 5.30008e-05  1.070024
  4.46684e+13 6.40258e-05 1.43336e-18 1.93320e-01  -0.045059 -1.815528 4.50747e-05  1.046089
  5.01187e+13 5.55986e-05 1.10934e-18 1.86267e-01  -0.022206 -1.802228 3.81885e-05  1.022455
  5.62341e+13 4.80921e-05 8.55213e-19 1.78898e-01   0.000904 -1.789639 3.22196e-05  0.999097
  6.30957e+13 4.14224e-05 6.56501e-19 1.71241e-01   0.024234 -1.777996 2.70668e-05  0.976057
  7.07946e+13 3.56172e-05 5.03106e-19 1.63307e-01   0.047818 -1.763766 2.26320e-05  0.953308
  7.94328e+13 3.04443e-05 3.83271e-19 1.55118e-01   0.071661 -1.751783 1.88292e-05  0.930847
  8.91251e+13 2.59331e-05 2.90975e-19 1.46717e-01   0.095731 -1.738688 1.55839e-05  0.908708
  1.00000e+14 2.20140e-05 2.20140e-19 1.38122e-01   0.120077 -1.723907 1.28238e-05  0.886852
  1.12202e+14 1.85479e-05 1.65308e-19 1.29383e-01   0.144678 -1.712153 1.04889e-05  0.865301
  1.25893e+14 1.55766e-05 1.23729e-19 1.20549e-01   0.169524 -1.697566 8.52451e-06  0.844066
  1.41254e+14 1.30040e-05 9.20609e-20 1.11656e-01   0.194662 -1.682833 6.87928e-06  0.823113
  1.58489e+14 1.07672e-05 6.79364e-20 1.02776e-01   0.220048 -1.670589 5.51091e-06  0.802480
  1.77828e+14 8.87760e-06 4.99224e-20 9.39598e-02   0.245706 -1.654760 4.38006e-06  0.782152
  1.99526e+14 7.25457e-06 3.63590e-20 8.52628e-02   0.271663 -1.640753 3.45142e-06  0.762111
  2.23872e+14 5.87982e-06 2.62642e-20 7.67672e-02   0.297867 -1.627114 2.69534e-06  0.742400
  2.51189e+14 4.73490e-06 1.88500e-20 6.85210e-02   0.324371 -1.610260 2.08431e-06  0.722982
  2.81838e+14 3.76668e-06 1.33647e-20 6.05914e-02   0.351171 -1.597204 1.59492e-06  0.703863
  3.16228e+14 2.97202e-06 9.39836e-21 5.30505e-02   0.378231 -1.581568 1.20701e-06  0.685072
  3.54813e+14 2.32137e-06 6.54251e-21 4.59372e-02   0.405616 -1.564423 9.02297e-07  0.666566
  3.98107e+14 1.78652e-06 4.48754e-21 3.93139e-02   0.433284 -1.551534 6.65827e-07  0.648376
  4.46684e+14 1.36161e-06 3.04826e-21 3.32215e-02   0.461238 -1.534185 4.84606e-07  0.630502
  5.01187e+14 1.02256e-06 2.04028e-21 2.76807e-02   0.489534 -1.517623 3.47362e-07  0.612912
  5.62341e+14 7.55225e-07 1.34300e-21 2.27262e-02   0.518100 -1.503779 2.45024e-07  0.595651
  6.30957e+14 5.50517e-07 8.72510e-22 1.83563e-02   0.546988 -1.484935 1.69860e-07  0.578690
  7.07946e+14 3.93141e-07 5.55326e-22 1.45641e-02   0.576218 -1.469934 1.15539e-07  0.562020
  7.94328e+14 2.75690e-07 3.47073e-22 1.13407e-02   0.605719 -1.453939 7.70377e-08  0.545682
  8.91251e+14 1.89734e-07 2.12885e-22 8.64645e-03   0.635577 -1.434140 5.02458e-08  0.529630
  1.00000e+15 1.27147e-07 1.27147e-22 6.44498e-03   0.665762 -1.420454 3.20046e-08  0.513882
  1.12202e+15 8.34239e-08 7.43516e-23 4.68945e-03   0.696239 -1.401862 1.98832e-08  0.498456
  1.25893e+15 5.32897e-08 4.23296e-23 3.32046e-03   0.727100 -1.382325 1.20133e-08  0.483308
  1.41254e+15 3.29566e-08 2.33315e-23 2.28480e-03   0.758263 -1.368677 7.04855e-09  0.468479
  1.58489e+15 1.98341e-08 1.25145e-23 1.52354e-03   0.789757 -1.348013 4.00967e-09  0.453955
  1.77828e+15 1.15038e-08 6.46904e-24 9.80896e-04   0.821646 -1.330205 2.20572e-09  0.439707
  1.99526e+15 6.42336e-09 3.21930e-24 6.08891e-04   0.853817 -1.314734 1.17375e-09  0.425787
  2.23872e+15 3.45575e-09 1.54363e-24 3.62709e-04   0.886368 -1.292230 6.05064e-10  0.412150
  2.51189e+15 1.76932e-09 7.04380e-25 2.06554e-04   0.919302 -1.277256 3.04285e-10  0.398797
  2.81838e+15         nan         nan         nan   0.952522 -1.258328         nan  0.385767
  3.16228e+15         nan         nan         nan   0.986169 -1.235227         nan  0.373003
  3.54813e+15         nan         nan         nan   1.020164 -1.221827         nan  0.360536
  3.98107e+15         nan         nan         nan   1.054484 -1.199512         nan  0.348372
  4.46684e+15         nan         nan         nan   1.089261 -1.177652         nan  0.336465
  5.01187e+15         nan         nan         nan   1.124343 -1.163544         nan  0.324866
  5.62341e+15         nan         nan         nan   1.159815 -1.138272         nan  0.313544
  6.30957e+15         nan         nan         nan   1.195748 -1.120123         nan  0.302478
  7.07946e+15         nan         nan         nan   1.231963 -1.102240         nan  0.291719
  7.94328e+15         nan         nan         nan   1.268645 -1.074474         nan  0.281212
  8.91251e+15         nan         nan         nan   1.305753 -1.060542         nan  0.270968
  1.00000e+16         nan         nan         nan   1.343169 -1.036897         nan  0.261017
  1.12202e+16         nan         nan         nan   1.381116 -1.009396         nan  0.251298
  1.25893e+16         nan         nan         nan   1.419415 -0.997482         nan  0.241855
  1.41254e+16         nan         nan         nan   1.458087 -0.969776         nan  0.232681
  1.58489e+16         nan         nan         nan   1.497310 -0.946555         nan  0.223731
  1.77828e+16         nan         nan         nan   1.536804 -0.932548         nan  0.215067
  1.99526e+16         nan         nan         nan   1.576772 -0.900474         nan  0.206641
  2.23872e+16         nan         nan         nan   1.617269 -0.884810         nan  0.198440
  2.51189e+16         nan         nan         nan   1.658018 -0.863275         nan  0.190516
  2.81838e+16         nan         nan         nan   1.699360 -0.828721         nan  0.182800
  3.16228e+16         nan         nan         nan   1.741134 -0.819794         nan  0.175322
  3.54813e+16         nan         nan         nan   1.783208 -0.790970         nan  0.168098
  3.98107e+16         nan         nan         nan   1.825917 -0.761919         nan  0.161070
  4.46684e+16         nan         nan         nan   1.868837 -0.760346         nan  0.154303
  5.01187e+16         nan         nan         nan   1.912048 -0.733710         nan  0.147777
  5.62341e+16         nan         nan         nan   1.955713 -0.725485         nan  0.141464
  6.30957e+16         nan         nan         nan   1.999264 -0.727378         nan  0.135435
  7.07946e+16         nan         nan         nan   2.043121 -0.700532         nan  0.129623
  7.94328e+16         nan         nan         nan   2.087254 -0.708956         nan  0.124027
  8.91251e+16         nan         nan         nan   2.131286 -0.693573         nan  0.118685