# neff_WMAP7 0
1.00000e+08 1.45420e+01 14542000000
1.12202e+08 1.30837e+01 13083700000
1.25893e+08 1.17731e+01 11773100000
1.41254e+08 1.05943e+01 10594300000
1.58489e+08 9.53460e+00 9534600000
1.77828e+08 8.58182e+00 8581820000
1.99526e+08 7.72476e+00 7724760000
2.23872e+08 6.95408e+00 6954080000
2.51189e+08 6.26090e+00 6260900000
2.81838e+08 5.63728e+00 5637280000
3.16228e+08 5.07639e+00 5076390000
3.54813e+08 4.57167e+00 4571670000
3.98107e+08 4.11753e+00 4.11753e+09
4.46684e+08 3.70896e+00 3708960000
5.01187e+08 3.34116e+00 3341160000
5.62341e+08 3.01016e+00 3010160000
6.30957e+08 2.71226e+00 2712260000
7.07946e+08 2.44403e+00 2444030000
7.94328e+08 2.20259e+00 2202590000
8.91251e+08 1.98518e+00 1985180000
1.00000e+09 1.78939e+00 1789390000
1.12202e+09 1.61310e+00 1613100000
1.25893e+09 1.45429e+00 1454290000
1.41254e+09 1.31124e+00 1311240000
1.58489e+09 1.18240e+00 1182400000
1.77828e+09 1.06628e+00 1.06628e+09
1.99526e+09 9.61674e-01 961674000
2.23872e+09 8.67408e-01 867408000
2.51189e+09 7.82437e-01 782437000
2.81838e+09 7.05864e-01 705864000
3.16228e+09 6.36828e-01 636828000
3.54813e+09 5.74587e-01 574587000
3.98107e+09 5.18480e-01 5.1848e+08
4.46684e+09 4.67872e-01 467872000
5.01187e+09 4.22236e-01 422236000
5.62341e+09 3.81083e-01 381083000
6.30957e+09 3.43952e-01 343952000
7.07946e+09 3.10462e-01 310462000
7.94328e+09 2.80247e-01 280247000
8.91251e+09 2.52982e-01 2.52982e+08
1.00000e+10 2.28384e-01 228384000
1.12202e+10 2.06181e-01 206181000
1.25893e+10 1.86143e-01 186143000
1.41254e+10 1.68060e-01 168060000
1.58489e+10 1.51732e-01 151732000
1.77828e+10 1.36994e-01 136994000
1.99526e+10 1.23691e-01 123691000
2.23872e+10 1.11677e-01 111677000
2.51189e+10 1.00832e-01 100832000
2.81838e+10 9.10378e-02 91037800
3.16228e+10 8.21935e-02 82193500
3.54813e+10 7.42085e-02 74208500
3.98107e+10 6.69955e-02 66995500
4.46684e+10 6.04819e-02 60481900
5.01187e+10 5.46003e-02 54600300
5.62341e+10 4.92868e-02 49286800
6.30957e+10 4.44887e-02 44488700
7.07946e+10 4.01553e-02 40155300
7.94328e+10 3.62408e-02 36240800
8.91251e+10 3.27062e-02 3.27062e+07
1.00000e+11 2.95132e-02 29513200
1.12202e+11 2.66294e-02 26629400
1.25893e+11 2.40254e-02 24025400
1.41254e+11 2.16729e-02 21672900
1.58489e+11 1.95485e-02 19548500
1.77828e+11 1.76303e-02 17630300
1.99526e+11 1.58976e-02 1.58976e+07
2.23872e+11 1.43332e-02 14333200
2.51189e+11 1.29204e-02 12920400
2.81838e+11 1.16446e-02 11644600
3.16228e+11 1.04930e-02 10493000
3.54813e+11 9.45306e-03 9453060
3.98107e+11 8.51424e-03 8514240
4.46684e+11 7.66695e-03 7666950
5.01187e+11 6.90193e-03 6901930
5.62341e+11 6.21160e-03 6211600
6.30957e+11 5.58869e-03 5588690
7.07946e+11 5.02653e-03 5026530
7.94328e+11 4.51949e-03 4519490
8.91251e+11 4.06205e-03 4062050
1.00000e+12 3.64947e-03 3649470
1.12202e+12 3.27754e-03 3277540
1.25893e+12 2.94211e-03 2942110
1.41254e+12 2.63981e-03 2639810
1.58489e+12 2.36744e-03 2367440
1.77828e+12 2.12198e-03 2121980
1.99526e+12 1.90095e-03 1900950
2.23872e+12 1.70193e-03 1701930
2.51189e+12 1.52276e-03 1522760
2.81838e+12 1.36158e-03 1361580
3.16228e+12 1.21656e-03 1216560
3.54813e+12 1.08617e-03 1086170
3.98107e+12 9.69017e-04 969017
4.46684e+12 8.63728e-04 863728
5.01187e+12 7.69204e-04 769204
5.62341e+12 6.84386e-04 684386
6.30957e+12 6.08288e-04 608288
7.07946e+12 5.40095e-04 540095
7.94328e+12 4.78998e-04 478998
8.91251e+12 4.24301e-04 424301
1.00000e+13 3.75390e-04 375390
1.12202e+13 3.31657e-04 331657
1.25893e+13 2.92607e-04 292607
1.41254e+13 2.57776e-04 257776
1.58489e+13 2.26717e-04 226717
1.77828e+13 1.99070e-04 199070
1.99526e+13 1.74485e-04 174485
2.23872e+13 1.52641e-04 152641
2.51189e+13 1.33270e-04 133270
2.81838e+13 1.16106e-04 116106
3.16228e+13 1.00924e-04 100924
3.54813e+13 8.75229e-05 87522.9
3.98107e+13 7.57030e-05 75703
4.46684e+13 6.53048e-05 65304.8
5.01187e+13 5.61763e-05 56176.3
5.62341e+13 4.81739e-05 48173.9
6.30957e+13 4.11807e-05 41180.7
7.07946e+13 3.50819e-05 35081.9
7.94328e+13 2.97766e-05 29776.6
8.91251e+13 2.51778e-05 25177.8
1.00000e+14 2.12001e-05 21200.1
1.12202e+14 1.77727e-05 17772.7
1.25893e+14 1.48311e-05 14831.1
1.41254e+14 1.23135e-05 12313.5
1.58489e+14 1.01696e-05 10169.6
1.77828e+14 8.35184e-06 8351.84
1.99526e+14 6.81701e-06 6817.01
2.23872e+14 5.52900e-06 5529
2.51189e+14 4.45325e-06 4453.25
2.81838e+14 3.56029e-06 3560.29
3.16228e+14 2.82440e-06 2824.4
3.54813e+14 2.22137e-06 2221.37
3.98107e+14 1.73139e-06 1731.39
4.46684e+14 1.33662e-06 1336.62
5.01187e+14 1.02095e-06 1020.95
5.62341e+14 7.71243e-07 771.243
6.30957e+14 5.75661e-07 575.661
7.07946e+14 4.24093e-07 424.093
7.94328e+14 3.08188e-07 308.188
8.91251e+14 2.20588e-07 220.588
1.00000e+15 1.55349e-07 155.349
1.12202e+15 1.07550e-07 107.55
1.25893e+15 7.30431e-08 73.0431
1.41254e+15 4.86135e-08 48.6135
1.58489e+15 3.16605e-08 31.6605
1.77828e+15 2.01269e-08 20.1269
1.99526e+15 1.24738e-08 12.4738
2.23872e+15 7.51784e-09 7.51784
2.51189e+15 4.39435e-09 4.39435
2.81838e+15 2.48740e-09 2.4874
3.16228e+15 1.35786e-09 1.35786
3.54813e+15 7.12866e-10 0.712866
3.98107e+15 3.59107e-10 0.359107
4.46684e+15 1.72576e-10 0.172576
5.01187e+15 7.88718e-11 0.0788718
5.62341e+15 3.41316e-11 0.0341316
6.30957e+15 1.38730e-11 0.013873
7.07946e+15 5.26573e-12 0.00526573
7.94328e+15 1.83499e-12 0.00183499
8.91251e+15 5.62807e-13 0.000562807
