2.309564E-02 0.000000E+00 0.000000E+00 0 
3.079853E-02 0.000000E+00 0.000000E+00 0 
4.107050E-02 0.000000E+00 0.000000E+00 0 
5.476839E-02 0.000000E+00 0.000000E+00 0 
7.303483E-02 0.000000E+00 0.000000E+00 0 
9.739351E-02 0.000000E+00 0.000000E+00 0 
1.298763E-01 0.000000E+00 0.000000E+00 0 
1.731929E-01 0.000000E+00 0.000000E+00 0 
2.309564E-01 0.000000E+00 0.000000E+00 0 
3.079853E-01 0.000000E+00 0.000000E+00 0 
4.107050E-01 0.000000E+00 0.000000E+00 0 
5.476839E-01 6.317950E-01 5.160189E-01 10 
7.303483E-01 2.440611E+00 4.865759E-01 50 
9.739351E-01 5.151789E+00 4.225066E-01 212 
1.298763E+00 4.335217E+00 2.555106E-01 436 
1.731929E+00 4.480121E+00 1.681620E-01 1062 
2.309564E+00 3.943948E+00 1.037217E-01 2272 
3.079853E+00 3.391757E+00 6.348220E-02 4786 
4.107050E+00 2.878883E+00 3.874236E-02 10024 
5.476839E+00 2.306996E+00 2.323002E-02 20266 
7.303483E+00 1.690696E+00 1.360708E-02 39102 
9.739351E+00 1.171291E+00 7.937648E-03 74826 
1.298763E+01 7.750365E-01 4.660542E-03 145058 
1.731929E+01 4.899426E-01 2.772794E-03 288738 
2.309564E+01 2.729927E-01 1.664354E-03 585006 
3.079853E+01 1.441582E-01 1.024651E-03 1246868 
4.107050E+01 6.700465E-02 6.425634E-04 2757406 
5.476839E+01 2.781871E-02 4.095350E-04 6298700 
7.303483E+01 8.561089E-03 2.634413E-04 14656714 
9.739351E+01 4.110090E-03 1.706960E-04 34603158 
1.298763E+02 8.794815E-04 1.106684E-04 81793010 
1.731929E+02 3.888754E-04 7.184842E-05 193866718 
