2.309564E-02 0.000000E+00 0.000000E+00 0 
3.079853E-02 0.000000E+00 0.000000E+00 0 
4.107050E-02 0.000000E+00 0.000000E+00 0 
5.476839E-02 0.000000E+00 0.000000E+00 0 
7.303483E-02 0.000000E+00 0.000000E+00 0 
9.739351E-02 0.000000E+00 0.000000E+00 0 
1.298763E-01 0.000000E+00 0.000000E+00 0 
1.731929E-01 0.000000E+00 0.000000E+00 0 
2.309564E-01 0.000000E+00 0.000000E+00 0 
3.079853E-01 0.000000E+00 0.000000E+00 0 
4.107050E-01 0.000000E+00 0.000000E+00 0 
5.476839E-01 0.000000E+00 0.000000E+00 0 
7.303483E-01 0.000000E+00 0.000000E+00 0 
9.739351E-01 0.000000E+00 0.000000E+00 0 
1.298763E+00 0.000000E+00 0.000000E+00 0 
1.731929E+00 0.000000E+00 0.000000E+00 0 
2.309564E+00 4.222481E+00 2.132069E+00 6 
3.079853E+00 3.404604E+00 1.271500E+00 12 
4.107050E+00 1.166974E+00 5.791481E-01 14 
5.476839E+00 1.088698E+00 3.692331E-01 32 
7.303483E+00 1.697439E+00 2.724825E-01 98 
9.739351E+00 7.875011E-01 1.440409E-01 154 
1.298763E+01 9.872459E-01 9.862536E-02 406 
1.731929E+01 4.820062E-01 5.530798E-02 718 
2.309564E+01 4.257372E-01 3.522756E-02 1638 
3.079853E+01 2.024568E-01 2.100862E-02 3276 
4.107050E+01 6.584145E-02 1.284426E-02 6886 
5.476839E+01 2.750867E-02 8.189465E-03 15742 
7.303483E+01 7.631161E-03 5.266397E-03 36608 
9.739351E+01 1.490596E-02 3.432225E-03 87438 
1.298763E+02 -3.557681E-03 2.208457E-03 203576 
1.731929E+02 -3.992734E-03 1.433818E-03 482544 
