2.309564E-02 0.000000E+00 0.000000E+00 0 
3.079853E-02 0.000000E+00 0.000000E+00 0 
4.107050E-02 0.000000E+00 0.000000E+00 0 
5.476839E-02 0.000000E+00 0.000000E+00 0 
7.303483E-02 0.000000E+00 0.000000E+00 0 
9.739351E-02 0.000000E+00 0.000000E+00 0 
1.298763E-01 0.000000E+00 0.000000E+00 0 
1.731929E-01 0.000000E+00 0.000000E+00 0 
2.309564E-01 0.000000E+00 0.000000E+00 0 
3.079853E-01 0.000000E+00 0.000000E+00 0 
4.107050E-01 0.000000E+00 0.000000E+00 0 
5.476839E-01 -6.736410E-01 2.307707E-01 2 
7.303483E-01 2.578236E+00 4.962120E-01 52 
9.739351E-01 3.178574E+00 3.482145E-01 144 
1.298763E+00 3.405225E+00 2.321757E-01 360 
1.731929E+00 3.602888E+00 1.541161E-01 892 
2.309564E+00 3.373828E+00 9.755817E-02 2010 
3.079853E+00 2.723725E+00 5.845499E-02 4058 
4.107050E+00 2.451679E+00 3.654669E-02 8920 
5.476839E+00 1.947348E+00 2.193050E-02 18062 
7.303483E+00 1.501875E+00 1.312096E-02 36358 
9.739351E+00 1.064216E+00 7.739454E-03 71136 
1.298763E+01 7.100594E-01 4.574445E-03 139748 
1.731929E+01 4.470821E-01 2.732621E-03 280432 
2.309564E+01 2.565593E-01 1.653577E-03 577454 
3.079853E+01 1.311463E-01 1.018808E-03 1232688 
4.107050E+01 6.394999E-02 6.416429E-04 2749512 
5.476839E+01 2.560567E-02 4.090939E-04 6285138 
7.303483E+01 8.900747E-03 2.634857E-04 14661650 
9.739351E+01 4.258778E-03 1.707087E-04 34608282 
1.298763E+02 1.232707E-03 1.106879E-04 81821876 
1.731929E+02 -6.863722E-05 7.183199E-05 193778056 
