2.309564E-02 0.000000E+00 0.000000E+00 0 
3.079853E-02 0.000000E+00 0.000000E+00 0 
4.107050E-02 0.000000E+00 0.000000E+00 0 
5.476839E-02 0.000000E+00 0.000000E+00 0 
7.303483E-02 0.000000E+00 0.000000E+00 0 
9.739351E-02 0.000000E+00 0.000000E+00 0 
1.298763E-01 0.000000E+00 0.000000E+00 0 
1.731929E-01 0.000000E+00 0.000000E+00 0 
2.309564E-01 0.000000E+00 0.000000E+00 0 
3.079853E-01 0.000000E+00 0.000000E+00 0 
4.107050E-01 0.000000E+00 0.000000E+00 0 
5.476839E-01 0.000000E+00 0.000000E+00 0 
7.303483E-01 0.000000E+00 0.000000E+00 0 
9.739351E-01 0.000000E+00 0.000000E+00 0 
1.298763E+00 0.000000E+00 0.000000E+00 0 
1.731929E+00 0.000000E+00 0.000000E+00 0 
2.309564E+00 7.408269E-01 1.230950E+00 2 
3.079853E+00 2.670503E+00 1.160715E+00 10 
4.107050E+00 2.095677E+00 6.922143E-01 20 
5.476839E+00 1.088698E+00 3.692331E-01 32 
7.303483E+00 1.257041E+00 2.492485E-01 82 
9.739351E+00 4.857152E-01 1.313199E-01 128 
1.298763E+01 7.914582E-01 9.364102E-02 366 
1.731929E+01 4.283403E-01 5.429735E-02 692 
2.309564E+01 2.673220E-01 3.321286E-02 1456 
3.079853E+01 1.532721E-01 2.057447E-02 3142 
4.107050E+01 1.122766E-01 1.312107E-02 7186 
5.476839E+01 3.364422E-02 8.213880E-03 15836 
7.303483E+01 2.346382E-03 5.252568E-03 36416 
9.739351E+01 4.923809E-03 3.415304E-03 86578 
1.298763E+02 6.897386E-03 2.220012E-03 205712 
1.731929E+02 -2.159835E-03 1.435137E-03 483432 
