2.309564E-02 0.000000E+00 0.000000E+00 0 
3.079853E-02 0.000000E+00 0.000000E+00 0 
4.107050E-02 0.000000E+00 0.000000E+00 0 
5.476839E-02 0.000000E+00 0.000000E+00 0 
7.303483E-02 0.000000E+00 0.000000E+00 0 
9.739351E-02 0.000000E+00 0.000000E+00 0 
1.298763E-01 0.000000E+00 0.000000E+00 0 
1.731929E-01 0.000000E+00 0.000000E+00 0 
2.309564E-01 0.000000E+00 0.000000E+00 0 
3.079853E-01 0.000000E+00 0.000000E+00 0 
4.107050E-01 -2.006226E-01 2.136426E-01 14 
5.476839E-01 2.370946E+00 2.848970E-01 140 
7.303483E-01 4.036229E+00 2.261334E-01 496 
9.739351E-01 4.591998E+00 1.547374E-01 1306 
1.298763E+00 4.611834E+00 1.006617E-01 3108 
1.731929E+00 4.197447E+00 6.290816E-02 6826 
2.309564E+00 3.789346E+00 3.921480E-02 14916 
3.079853E+00 3.325269E+00 2.420017E-02 31944 
4.107050E+00 2.843178E+00 1.481348E-02 67308 
5.476839E+00 2.207889E+00 8.788638E-03 133228 
7.303483E+00 1.625967E+00 5.163647E-03 258622 
9.739351E+00 1.124745E+00 3.016236E-03 496230 
1.298763E+01 7.222228E-01 1.763423E-03 953818 
1.731929E+01 4.435320E-01 1.048395E-03 1895844 
2.309564E+01 2.506743E-01 6.337005E-04 3895116 
3.079853E+01 1.310475E-01 3.913383E-04 8353280 
4.107050E+01 6.108748E-02 2.461430E-04 18583494 
5.476839E+01 2.625282E-02 1.571951E-04 42621678 
7.303483E+01 9.223170E-03 1.012291E-04 99394738 
9.739351E+01 4.254093E-03 6.557431E-05 234541550 
1.298763E+02 1.355720E-03 4.252126E-05 554580460 
1.731929E+02 1.931665E-04 2.759649E-05 1313590696 
