2.309564E-02 0.000000E+00 0.000000E+00 0 
3.079853E-02 0.000000E+00 0.000000E+00 0 
4.107050E-02 0.000000E+00 0.000000E+00 0 
5.476839E-02 0.000000E+00 0.000000E+00 0 
7.303483E-02 0.000000E+00 0.000000E+00 0 
9.739351E-02 0.000000E+00 0.000000E+00 0 
1.298763E-01 0.000000E+00 0.000000E+00 0 
1.731929E-01 0.000000E+00 0.000000E+00 0 
2.309564E-01 0.000000E+00 0.000000E+00 0 
3.079853E-01 0.000000E+00 0.000000E+00 0 
4.107050E-01 -3.036511E-01 1.557084E-01 20 
5.476839E-01 1.965844E+00 2.086761E-01 202 
7.303483E-01 3.730317E+00 1.711369E-01 764 
9.739351E-01 4.039115E+00 1.147032E-01 1930 
1.298763E+00 3.948003E+00 7.380970E-02 4494 
1.731929E+00 3.926203E+00 4.782496E-02 10610 
2.309564E+00 3.426877E+00 2.944064E-02 22610 
3.079853E+00 2.911773E+00 1.797154E-02 47378 
4.107050E+00 2.478124E+00 1.100452E-02 99896 
5.476839E+00 1.940913E+00 6.571123E-03 200302 
7.303483E+00 1.420598E+00 3.871326E-03 390954 
9.739351E+00 9.836305E-01 2.275773E-03 759738 
1.298763E+01 6.423188E-01 1.344706E-03 1491628 
1.731929E+01 3.923939E-01 8.040434E-04 2998922 
2.309564E+01 2.215742E-01 4.890558E-04 6239114 
3.079853E+01 1.148685E-01 3.033963E-04 13502890 
4.107050E+01 5.524754E-02 1.916795E-04 30308010 
5.476839E+01 2.304361E-02 1.225591E-04 69678248 
7.303483E+01 7.696241E-03 7.898839E-05 162754390 
9.739351E+01 3.777515E-03 5.119378E-05 384450594 
1.298763E+02 1.391585E-03 3.320477E-05 909509020 
1.731929E+02 3.187556E-04 2.155101E-05 2154475128 
