6.30957e+11 6.18781e-03
7.07946e+11 5.54815e-03
7.94328e+11 4.97253e-03
8.91251e+11 4.45487e-03
1.00000e+12 3.98926e-03
1.12202e+12 3.57051e-03
1.25893e+12 3.19412e-03
1.41254e+12 2.85567e-03
1.58489e+12 2.55152e-03
1.77828e+12 2.27830e-03
1.99526e+12 2.03280e-03
2.23872e+12 1.81239e-03
2.51189e+12 1.61456e-03
2.81838e+12 1.43700e-03
3.16228e+12 1.27779e-03
3.54813e+12 1.13503e-03
3.98107e+12 1.00712e-03
4.46684e+12 8.92600e-04
5.01187e+12 7.90075e-04
5.62341e+12 6.98397e-04
6.30957e+12 6.16489e-04
7.07946e+12 5.43326e-04
7.94328e+12 4.78076e-04
8.91251e+12 4.19926e-04
1.00000e+13 3.68149e-04
1.12202e+13 3.22128e-04
1.25893e+13 2.81248e-04
1.41254e+13 2.44997e-04
1.58489e+13 2.12912e-04
1.77828e+13 1.84537e-04
1.99526e+13 1.59506e-04
2.23872e+13 1.37468e-04
2.51189e+13 1.18096e-04
2.81838e+13 1.01118e-04
3.16228e+13 8.62695e-05
3.54813e+13 7.33181e-05
3.98107e+13 6.20614e-05
4.46684e+13 5.22998e-05
5.01187e+13 4.38691e-05
5.62341e+13 3.66170e-05
6.30957e+13 3.03982e-05
7.07946e+13 2.50936e-05
7.94328e+13 2.05895e-05
8.91251e+13 1.67828e-05
1.00000e+14 1.35863e-05
1.12202e+14 1.09160e-05
1.25893e+14 8.70056e-06
1.41254e+14 6.87644e-06
1.58489e+14 5.38422e-06
1.77828e+14 4.17463e-06
1.99526e+14 3.20309e-06
2.23872e+14 2.42948e-06
2.51189e+14 1.82058e-06
2.81838e+14 1.34651e-06
3.16228e+14 9.81815e-07
3.54813e+14 7.05268e-07
3.98107e+14 4.98302e-07
4.46684e+14 3.45909e-07
5.01187e+14 2.35668e-07
5.62341e+14 1.57247e-07
6.30957e+14 1.02633e-07
7.07946e+14 6.54179e-08
7.94328e+14 4.06182e-08
8.91251e+14 2.45325e-08
1.00000e+15 1.43737e-08
1.12202e+15 8.14749e-09
1.25893e+15 4.45994e-09
1.41254e+15 2.34769e-09
1.58489e+15 1.18494e-09
1.77828e+15 5.71951e-10
1.99526e+15 2.62513e-10
2.23872e+15 1.14204e-10
2.51189e+15 4.68774e-11
2.81838e+15 1.80268e-11
3.16228e+15 6.47091e-12
3.54813e+15 2.14730e-12
3.98107e+15 6.49736e-13
